9
1 zhangsan 2020000000001 1 99.00 97.00 50.00 90.00 310.00
2 lisi 2020000000002 0 90.00 79.00 88.00 98.00 355.00
3 wangwu 2020000000003 1 87.00 64.00 76.00 88.00 315.00
4 wangermazi 2020000000004 1 99.00 99.00 99.00 99.00 396.00
5 zhangmeili 2020000000005 0 88.00 88.00 88.00 88.00 352.00
6 qianxiangxiao 2020000000006 0 56.00 78.00 87.00 78.00 299.00
7 zhangsan 2020000000007 1 90.00 98.00 87.00 76.00 351.00
8 zhangsan 2020000000008 0 98.00 98.00 97.00 96.00 389.00
9 zhangsan 2020000000009 1 99.00 99.00 99.00 99.00 396.00
#